[obstacle1]

id = 1

x = 6179.877

y = 2211.201

v = 0

a = 0

theta = 0.523598776

alpha = 0.523598776

vertices = -2.2331148,-1.569937304323305,4.192937304323305,4.8561148,4.8561148,4.192937304323305,-1.569937304323306,-2.2331148,-1.385937304323305,-2.0491148,-2.049114799999999,-1.385937304323304,1.385937304323304,2.049114799999999,2.0491148,1.385937304323307

avoidSide = right


[obstacle2]

id = 2

x = 6435.570

y = 2427.564

v = 16

a = -4

theta = 1.0471976

dtheta = 0

dalpha = 0.6

vobs = -1.005073524157171, 0.213818024029016, 1.108756602991422, 1.140027033209172, -1.457528136072439, -0.641184880102804, -0.423841863340733, 0.094201512265308, 0.318097457180938, 0.652727773997292

vertices = -1.755495947473066,  0.608619639120504,  2.153637613750267,  2.326612569547272,  1.753276008694114, -1.939217570220556, -2.734641861600293, -1.924966083804718, -1.503415852917409, -0.609068077814026, 0.629430750159458, 1.380565973622860, 1.856251845771746, 0.875158514630995

avoidSide = right


[obstacle3]

id = 3

x = 6436.295

y = 2428.950

v = 16

a = -2.5

theta = 1.0471976

dtheta = -0.04

dalpha = -0.3

vobs =  -0.870260734723826, -0.644421637295170, -0.461574505716530, 0.697649846133626, 1.309914716992175,-0.031307685390274, 1.919377810984895, 0.246000991641325, -1.087969640050829, -1.999885946913371, -1.386007810375049, 2.308484594713028

vertices = -1.766208055896788, -1.521079370053346, 0.788598516163236, 2.619609397956277, 0.863007479751945,-0.056118563147229,-2.103847431899677, 0.093421418075964, -1.694927488889571, -3.511860444688073, -1.676025005492699, 3.162659789841117, 3.544930832493058, 2.595193305821615

avoidSide = left


